-0.318403 0.170202 
-0.203781 -0.296284 
-0.202349 0.0846052 
0.0160429 0.101323 
-0.0939405 -0.019374 
0.120654 0.202118 
-0.0491971 0.325051 
-0.199496 0.0549097 
-0.133448 -0.164222 
-0.0167424 -0.029055 
-0.000784341 0.343438 
0.213491 0.0723719 
0.11564 0.346666 
0.251071 0.348778 
-0.0263854 0.255121 
0.114226 -0.15919 
0.124266 0.242238 
0.267101 0.31866 
0.166143 0.390959 
0.308976 0.416269 
0.20598 0.476124 
-0.210567 0.266275 
-0.191758 0.0611811 
-0.00423851 0.208985 
-0.0208638 0.514271 
0.134484 0.27314 
0.0293243 0.565274 
0.261053 0.53219 
0.0252032 0.350775 
0.198334 0.186943 
0.114128 0.508431 
0.283609 0.588942 
0.324661 0.412173 
0.413774 0.418552 
0.24197 0.633531 
0.405698 0.396266 
0.474255 0.279511 
0.619331 0.448099 
0.518922 0.751413 
0.708833 0.498458 
0.497262 0.558317 
0.720269 0.660278 
0.506672 0.457741 
0.642906 0.228279 
0.585556 0.467094 
0.829963 0.726153 
0.747832 0.579234 
0.779054 0.618116 
0.559392 0.568998 
0.690811 0.581394 
0.674377 0.199731 
0.802434 0.519788 
0.704073 0.631315 
0.810768 0.588566 
0.590427 0.505289 
0.751417 0.656646 
0.541402 0.388237 
0.73099 0.280155 
0.639195 0.34163 
0.803465 0.55267 
0.668608 0.384599 
0.716083 0.501509 
0.421558 0.536035 
-0.474079 -0.244658 
-0.270758 -0.566585 
-0.295858 -0.17868 
0.0424534 -0.0157753 
-0.16048 -0.288043 
0.0861359 -0.0495088 
-0.182419 0.0246178 
-0.202128 -0.125579 
-0.131282 -0.384565 
0.0368381 -0.157038 
0.0200535 0.114233 
0.195182 -0.184054 
-0.0402904 0.0188511 
0.14092 -0.0599792 
-0.101035 -0.0235064 
0.176695 -0.257279 
0.0511569 0.0416754 
0.296866 0.135508 
0.142833 0.0469718 
0.290415 0.067695 
0.0236905 0.153443 
-0.229974 0.136659 
-0.172171 -0.149876 
-0.0351781 0.0306458 
-0.0755694 0.171606 
0.0822331 0.0265088 
-0.0901849 0.170569 
0.107485 0.188285 
-0.134377 0.18378 
0.0817446 0.069405 
-0.00295914 0.231365 
0.200581 0.374294 
0.149941 0.0140211 
0.172027 0.0953604 
0.025773 0.173699 
0.120307 0.233959 
0.182314 -0.0461499 
0.353015 0.228778 
0.223628 0.376226 
0.356705 0.0916401 
0.0302477 0.0852321 
0.22078 0.140004 
0.0507319 0.177651 
0.258073 -0.0217194 
0.183561 0.088729 
0.362372 0.290354 
0.223139 -0.0266181 
0.220925 0.0536047 
-0.0819647 -0.0881516 
0.00853581 0.313279 
-0.0120135 -0.241108 
0.12126 0.126219 
0.0177266 0.0769257 
0.0964612 0.0144806 
-0.100119 -0.168283 
-0.100834 -0.108367 
-0.507745 -0.000368393 
-0.238684 -0.175943 
-0.315461 -0.278958 
-0.219368 -0.0541394 
-0.312469 -0.362905 
-0.244127 -0.179859 
-0.587763 -0.331153 
-0.113037 -0.236628 
0.141087 -0.525822 
0.0412342 -0.217878 
0.313034 -0.0391385 
0.260461 -0.244705 
0.439742 -0.0562068 
0.247328 -0.000731647 
0.185084 -0.204774 
0.256907 -0.431126 
0.440687 -0.141438 
0.295422 0.0556916 
0.539128 -0.154553 
0.357807 -0.0655833 
0.567547 -0.0433919 
0.260377 -0.015668 
0.510123 -0.17357 
0.465568 -0.0449308 
0.624082 0.108904 
0.429595 0.0041117 
0.666807 0.0652837 
0.46365 0.02983 
0.160648 0.086405 
0.159091 -0.176981 
0.314302 -0.00676853 
0.257856 0.0489878 
0.415566 -0.0713306 
0.252797 0.0593611 
0.400893 -0.0150594 
0.171812 0.162175 
0.41411 0.0318988 
0.268149 0.108058 
0.499342 0.261627 
0.404431 -0.0761912 
0.5203 0.0520596 
0.285926 -0.0367893 
0.391863 0.167234 
0.429695 -0.108738 
0.590251 0.115447 
0.480378 0.159614 
0.607074 -0.0894949 
0.33744 -0.111002 
0.524652 -0.0315555 
0.217293 0.0806259 
0.482069 -0.126054 
0.304187 -0.0976212 
0.516991 0.188352 
0.429657 -0.204655 
0.488607 -0.0674571 
0.146022 -0.267293 
0.141634 0.229517 
0.205644 -0.389286 
0.250995 -0.057135 
0.161891 -0.146533 
0.256612 -0.109378 
0.0818749 -0.444937 
0.0826595 -0.283569 
-0.255486 -0.114886 
-0.130832 -0.316696 
-0.155095 -0.388408 
-0.0631208 -0.219226 
-0.147253 -0.543478 
-0.0829712 -0.461408 
-0.317148 -0.573927 
-2.14009 -1.21006 
-1.70788 -1.15762 
-1.38601 -0.80151 
-1.10295 -0.407383 
-0.795351 -0.438444 
-0.575397 0.0356239 
-0.41042 0.410922 
-1.77247 -1.18998 
-1.3893 -1.14813 
-1.06073 -0.914178 
-0.74994 -0.505784 
-0.517769 -0.427664 
-0.337082 0.0910364 
-0.13258 0.422973 
-1.44937 -1.15329 
-1.14173 -1.25484 
-0.680704 -0.870833 
-0.492574 -0.448622 
-0.117919 -0.364009 
-0.00408906 0.118898 
0.164524 0.481533 
-1.7081 -1.27795 
-1.00465 -1.34036 
-0.90351 -0.98412 
-0.523579 -0.514736 
-0.283995 -0.422762 
-0.0716149 -0.0580108 
0.0357537 0.478153 
-1.20128 -1.18877 
-0.926001 -1.1027 
-0.519953 -0.948956 
-0.244243 -0.470668 
0.0263016 -0.393832 
0.0680093 0.163275 
0.248946 0.333016 
-1.26815 -1.00673 
-0.659174 -0.983209 
-0.395721 -0.642629 
-0.113461 -0.352626 
0.102369 -0.184889 
0.251161 0.102404 
0.287347 0.55772 
-0.96217 -0.905554 
-0.753119 -0.754407 
-0.376937 -0.671923 
-0.212845 -0.137765 
0.12097 -0.179076 
0.19841 0.241159 
0.178369 0.271527 
-1.18519 -0.741558 
-0.84265 -0.822478 
-0.672253 -0.46048 
-0.356243 -0.144324 
-0.189795 -0.088658 
-0.0370192 -0.00695891 
0.00866258 0.508087 
-1.17466 -0.706667 
-1.1164 -0.515629 
-0.859689 -0.439052 
-0.85637 0.0489841 
-0.494217 -0.308191 
-0.461986 0.124022 
-0.467705 0.0241594 
0.243185 -0.215516 
0.51875 -0.337343 
0.439865 -0.041009 
0.74589 0.113323 
0.540125 -0.0388702 
0.790146 0.0694928 
0.63027 0.191671 
0.542272 -0.094861 
0.563085 -0.312749 
0.813218 0.028715 
0.750972 0.149871 
0.890087 0.00782628 
0.709861 0.103388 
0.881436 0.122922 
0.501865 0.0203675 
0.834515 -0.0821338 
0.701898 -0.0122963 
0.907311 0.232428 
0.674562 0.167527 
0.943515 0.246874 
0.77465 0.220149 
0.32719 0.12969 
0.358431 -0.106009 
0.48106 0.0520828 
0.513583 0.17674 
0.582697 0.124308 
0.389357 0.216691 
0.593674 0.20775 
0.318494 0.138293 
0.589136 0.0293657 
0.444126 0.166103 
0.612522 0.360955 
0.478177 0.0162169 
0.591027 0.108337 
0.346588 0.138192 
0.38949 0.113309 
0.50935 -0.125634 
0.640225 0.125265 
0.513914 0.222578 
0.632217 0.0266705 
0.3563 -0.0380154 
0.488715 0.0548504 
0.13775 0.048067 
0.397196 -0.0991109 
0.313037 -0.112239 
0.477576 0.271166 
0.39932 -0.156465 
0.440791 -0.0281056 
0.206698 -0.191308 
-0.0467671 0.253736 
-0.0597996 -0.361441 
0.106382 0.0133083 
0.0633991 -0.121932 
0.167737 -0.104306 
0.0251672 -0.33006 
0.069488 -0.251889 
-0.465339 -0.19252 
-0.361512 -0.26511 
-0.314139 -0.491955 
-0.240508 -0.239185 
-0.250994 -0.529997 
-0.193945 -0.35511 
-0.422014 -0.499481 
0.32004 -0.00406331 
0.522525 -0.642977 
0.538591 -0.598174 
0.705092 -0.871872 
0.574711 -1.32425 
0.696187 -1.50342 
0.150779 -1.3572 
0.323808 -0.0961511 
0.438296 -0.411506 
0.635724 -0.718596 
0.646128 -0.743725 
0.775403 -1.31086 
0.523452 -1.26884 
0.694151 -1.58875 
0.395848 -0.0525144 
0.550319 -0.50243 
0.542289 -0.463656 
0.783116 -0.650963 
0.695141 -1.04409 
0.796943 -1.27308 
0.542485 -1.27383 
0.165815 -0.132017 
0.420666 -0.465884 
0.391578 -0.579989 
0.35929 -0.550393 
0.50754 -1.12847 
0.243525 -1.1769 
0.347537 -1.2137 
0.346102 0.00238348 
0.486858 -0.280893 
0.482501 -0.496223 
0.537477 -0.591344 
0.567138 -0.874539 
0.485996 -1.03971 
0.198082 -1.19613 
0.607825 0.0714912 
0.656397 -0.218231 
0.715594 -0.315878 
0.642128 -0.318688 
0.682706 -0.703976 
0.388348 -0.934957 
0.448158 -0.907808 
0.775838 0.167529 
0.723466 -0.0261293 
0.729232 -0.296003 
0.727405 -0.233921 
0.643579 -0.625231 
0.561729 -0.720468 
0.199263 -0.964044 
0.771978 0.173812 
0.758317 -0.116051 
0.7397 -0.100642 
0.647038 -0.111978 
0.578705 -0.504189 
0.35465 -0.802119 
0.200245 -0.816081 
0.771593 0.117725 
0.739883 0.00140386 
0.584423 -0.0958018 
0.535638 0.0135231 
0.400487 -0.603989 
0.30705 -0.609565 
-0.146627 -0.897009 
