-0.590327 0.0457294 
-0.536859 -0.390514 
-0.594406 0.015218 
-0.432889 0.0517847 
-0.597712 -0.0536431 
-0.435993 0.178955 
-0.656825 0.309235 
-0.398579 -0.0301589 
-0.397921 -0.223885 
-0.344258 -0.0684327 
-0.389058 0.319635 
-0.233321 0.0598451 
-0.387561 0.341528 
-0.306439 0.347541 
-0.159798 0.209735 
-0.0885619 -0.184232 
-0.145378 0.232738 
-0.0669356 0.320305 
-0.229886 0.399762 
-0.146713 0.428645 
-0.307109 0.488876 
-0.286245 0.260707 
-0.340482 0.0707021 
-0.223322 0.229142 
-0.307671 0.541013 
-0.217471 0.302817 
-0.385273 0.594627 
-0.213754 0.558335 
-0.00136493 0.38501 
0.0954227 0.230852 
-0.0622802 0.55794 
0.0365039 0.640372 
0.00959763 0.462235 
0.0334208 0.464332 
-0.201082 0.672473 
0.419028 0.470136 
0.408372 0.357517 
0.477231 0.526571 
0.303551 0.827067 
0.423081 0.568383 
0.143945 0.619962 
0.302122 0.711431 
0.550218 0.570925 
0.604842 0.339976 
0.469009 0.574061 
0.638015 0.825517 
0.483502 0.668479 
0.445287 0.695066 
0.159048 0.631796 
0.754556 0.733419 
0.654621 0.344605 
0.702418 0.654709 
0.526992 0.753834 
0.559753 0.696573 
0.268531 0.596991 
0.361603 0.730545 
0.615136 0.578482 
0.719861 0.457587 
0.546536 0.503897 
0.632565 0.697754 
0.422687 0.5108 
0.398279 0.607422 
0.0349148 0.620527 
-0.408309 -0.194449 
-0.290574 -0.500112 
-0.39751 -0.10101 
-0.13742 0.0685668 
-0.415103 -0.201034 
-0.239909 0.0366571 
-0.576706 0.106891 
-0.0762396 -0.0333451 
-0.0949487 -0.282436 
-0.0124169 -0.0495362 
-0.110959 0.223101 
-0.0139 -0.077336 
-0.323906 0.120367 
-0.213846 0.0337099 
0.0739797 0.109889 
0.258801 -0.120467 
0.0445071 0.177961 
0.20548 0.267805 
-0.0294166 0.172279 
0.0410199 0.183434 
-0.299293 0.257429 
-0.0174431 0.310154 
-0.055224 0.0205051 
-0.00950916 0.194573 
-0.137006 0.326185 
-0.0622849 0.169263 
-0.313921 0.29941 
-0.191769 0.301477 
0.103626 0.396128 
0.222214 0.272116 
0.0443973 0.421714 
0.159111 0.549965 
0.0237801 0.173074 
-0.0348521 0.236201 
-0.258021 0.295047 
0.371504 0.483752 
0.33478 0.187542 
0.411244 0.444268 
0.191979 0.571778 
0.239385 0.265853 
-0.168702 0.237007 
-0.05593 0.268512 
0.302815 0.463338 
0.410988 0.241518 
0.241831 0.328036 
0.330387 0.504571 
0.105134 0.161641 
0.0209714 0.215296 
-0.359971 0.0465905 
0.249373 0.633192 
0.129962 0.0501749 
0.168886 0.387996 
-0.0246178 0.308602 
-0.0316291 0.215709 
-0.309896 0.00236629 
-0.388412 0.0317577 
-0.289917 0.352014 
-0.1187 0.14184 
-0.288858 0.00393686 
-0.281818 0.193817 
-0.459796 -0.149731 
-0.472319 -0.00113928 
-0.892982 -0.186412 
-0.22084 -0.244691 
-0.050718 -0.52927 
-0.230687 -0.219794 
-0.0352833 -0.0422495 
-0.160702 -0.251403 
-0.0508837 -0.0685686 
-0.309545 -0.0205486 
0.117976 -0.172623 
0.103329 -0.399754 
0.20466 -0.113462 
-0.0191996 0.0779807 
0.149595 -0.139934 
-0.103128 -0.0603339 
0.0385483 -0.0489545 
0.224698 0.0554661 
0.386045 -0.10863 
0.257217 0.0116803 
0.335419 0.155347 
0.0644049 0.0388203 
0.228698 0.086944 
-0.0439431 0.0373552 
0.146786 0.195128 
0.0554742 -0.0798457 
0.12513 0.0771359 
-0.0128385 0.11828 
0.0672036 -0.0177933 
-0.169554 0.0962196 
-0.0919477 0.00439099 
0.16994 0.306949 
0.321724 0.159752 
0.0894865 0.217843 
0.238471 0.352422 
0.0652446 -0.00510398 
0.106512 0.102905 
-0.198927 -0.0065594 
0.392083 0.346397 
0.339244 0.0482724 
0.413367 0.249649 
0.221131 0.270541 
0.269361 -0.00213934 
-0.0750215 -0.0473676 
0.040983 0.00833746 
0.209772 0.292417 
0.384318 0.0584882 
0.120408 0.0594991 
0.25122 0.318032 
0.0857601 -0.102301 
0.0702747 0.00779828 
-0.343231 -0.218813 
0.116745 0.4721 
0.091541 -0.17888 
0.0518103 0.121391 
-0.118405 0.000527083 
-0.100992 0.00672903 
-0.349405 -0.35919 
-0.418838 -0.227526 
-0.307038 0.156602 
-0.270039 -0.0821137 
-0.377926 -0.189986 
-0.3657 -0.0561356 
-0.525869 -0.414824 
-0.53408 -0.366248 
-0.837371 -0.511286 
-1.95972 -1.41601 
-1.55133 -1.32414 
-1.25361 -0.927306 
-0.994939 -0.4914 
-0.711857 -0.479926 
-0.516423 0.0371066 
-0.375844 0.45545 
-1.57716 -1.32523 
-1.21608 -1.24866 
-0.909968 -0.979043 
-0.621913 -0.534269 
-0.412654 -0.419321 
-0.254951 0.136364 
-0.0733997 0.505136 
-1.24937 -1.22146 
-0.962342 -1.29305 
-0.522306 -0.878477 
-0.355453 -0.425307 
-0.00228235 -0.309581 
0.0899454 0.204339 
0.236932 0.597618 
-1.51347 -1.28294 
-0.829394 -1.32016 
-0.747982 -0.938449 
-0.388071 -0.443509 
-0.168724 -0.326102 
0.0232812 0.0637387 
0.11022 0.624423 
-1.02171 -1.13469 
-0.764794 -1.02816 
-0.37744 -0.854011 
-0.120691 -0.355514 
0.130687 -0.258851 
0.153094 0.317516 
0.314667 0.505766 
-1.11287 -0.897782 
-0.52147 -0.858521 
-0.275878 -0.502521 
-0.0117099 -0.197567 
0.185854 -0.0154968 
0.31627 0.285361 
0.334035 0.753326 
-0.83985 -0.746054 
-0.647786 -0.583788 
-0.288823 -0.490775 
-0.142128 0.0531997 
0.174163 0.0208737 
0.234011 0.449144 
0.19637 0.486491 
-1.10384 -0.535816 
-0.77789 -0.610138 
-0.62424 -0.242375 
-0.325094 0.0786157 
-0.175574 0.138095 
-0.0397356 0.222501 
-0.0109444 0.739074 
-1.14161 -0.458956 
-1.09969 -0.265716 
-0.859406 -0.187984 
-0.872559 0.300085 
-0.526869 -0.0582452 
-0.511038 0.37157 
-0.533041 0.268028 
0.141171 -0.191369 
0.327824 -0.31624 
0.1644 -0.0255615 
0.390033 0.120888 
0.107807 -0.0410653 
0.285083 0.0559684 
0.0559736 0.165524 
0.476646 -0.0329396 
0.40597 -0.259 
0.56917 0.0721731 
0.424315 0.181265 
0.484913 0.0256908 
0.23004 0.106532 
0.330621 0.110393 
0.463336 0.118946 
0.702517 0.00314111 
0.481131 0.0580632 
0.602232 0.286561 
0.289392 0.20439 
0.482242 0.265658 
0.241037 0.22025 
0.306162 0.263669 
0.242587 0.00956992 
0.275196 0.148163 
0.22225 0.252479 
0.210202 0.179087 
-0.0602316 0.250084 
0.0708314 0.219499 
0.3052 0.306291 
0.480329 0.17394 
0.244654 0.286669 
0.326983 0.457135 
0.110922 0.0878163 
0.146168 0.155312 
-0.171997 0.160628 
0.37413 0.313838 
0.398437 0.0465557 
0.438608 0.269038 
0.226194 0.338018 
0.262749 0.113998 
-0.0908027 0.0215323 
-0.0321399 0.0870419 
0.110629 0.279557 
0.275126 0.0992644 
0.100823 0.0534396 
0.179778 0.404681 
0.0202534 -0.0544869 
-0.0154653 0.0430332 
-0.3229 -0.150255 
-0.0951066 0.514551 
-0.201864 -0.138345 
-0.124691 0.199581 
-0.252206 0.0284834 
-0.228162 0.0112691 
-0.447018 -0.248275 
-0.475202 -0.202822 
-0.543992 0.0959441 
-0.532086 -0.018772 
-0.572045 -0.286394 
-0.58139 -0.0730218 
-0.670727 -0.401842 
-0.688626 -0.263576 
-0.98796 -0.443194 
-0.0736124 -0.111032 
0.138057 -0.693471 
0.164358 -0.591214 
0.342227 -0.806804 
0.22442 -1.20078 
0.359749 -1.32167 
-0.170472 -1.1177 
-0.0250842 -0.172368 
0.0999044 -0.435545 
0.30881 -0.689784 
0.331735 -0.661709 
0.474633 -1.17563 
0.237461 -1.08077 
0.424138 -1.34862 
0.0834875 -0.099744 
0.249508 -0.501895 
0.253937 -0.414995 
0.508181 -0.55412 
0.434628 -0.899341 
0.551899 -1.08106 
0.313985 -1.03555 
-0.118454 -0.152104 
0.14872 -0.44271 
0.132796 -0.5135 
0.114554 -0.440828 
0.27777 -0.976385 
0.0296655 -0.983181 
0.150555 -0.979593 
0.08139 0.00753788 
0.234955 -0.23704 
0.24419 -0.413919 
0.313572 -0.471119 
0.358478 -0.717219 
0.293439 -0.846424 
0.0225016 -0.968335 
0.354145 0.0999531 
0.415733 -0.15566 
0.488673 -0.219741 
0.429701 -0.189795 
0.485545 -0.54341 
0.207239 -0.744089 
0.283892 -0.688292 
0.524788 0.217356 
0.485364 0.053218 
0.504756 -0.187961 
0.517253 -0.098259 
0.448464 -0.46328 
0.382374 -0.533818 
0.0363971 -0.754538 
0.515377 0.243075 
0.514336 -0.0218238 
0.508974 0.0174561 
0.430218 0.0286646 
0.376458 -0.342564 
0.167649 -0.621304 
0.0291703 -0.618091 
0.501573 0.20453 
0.481914 0.108676 
0.339102 0.0305948 
0.303579 0.157484 
0.182318 -0.444238 
0.10341 -0.436002 
-0.335094 -0.711806 
