-1.20412 0.334824 
-1.03789 -0.183502 
-0.854252 0.0983911 
-0.604024 -0.0047623 
-0.450948 -0.138833 
-0.0816296 -0.120437 
-0.197806 0.0755827 
-1.13103 0.140843 
-1.03513 -0.0441127 
-0.712788 -0.0596309 
-0.612837 0.263517 
-0.353947 -0.102661 
-0.325586 0.228889 
-0.0814253 -0.00587238 
-1.06622 0.262806 
-0.858895 -0.0922678 
-0.763395 0.186598 
-0.427627 0.154543 
-0.507827 0.197042 
-0.171927 0.235106 
-0.16369 0.436988 
-1.20806 0.167385 
-1.0591 0.0928553 
-0.961647 0.0606424 
-0.724888 0.383882 
-0.562052 0.132692 
-0.376951 0.43847 
-0.129406 0.377667 
-1.1219 0.341064 
-0.834673 0.0297765 
-0.828942 0.400137 
-0.390684 0.470196 
-0.397738 0.428273 
-0.0147928 0.397027 
-0.164072 0.503383 
-0.656833 0.156113 
-0.516869 0.0949611 
-0.328414 0.235517 
-0.221971 0.626232 
0.0968602 0.377791 
0.0467575 0.541915 
0.206211 0.531852 
-0.482787 0.289231 
-0.235962 0.0691979 
-0.12945 0.296559 
0.190217 0.616509 
0.156827 0.495368 
0.354134 0.54762 
0.318568 0.624738 
-0.138809 0.306413 
-0.0345498 0.0308395 
0.187793 0.36543 
0.231629 0.607355 
0.379587 0.54738 
0.304581 0.556027 
0.508474 0.671378 
-0.0733882 0.193508 
0.168255 0.0619884 
0.142256 0.248426 
0.492687 0.496477 
0.40868 0.409463 
0.566513 0.582969 
0.421151 0.672299 
-0.816064 0.178329 
-0.518048 -0.173399 
-0.489973 0.0881515 
-0.186184 0.206322 
-0.228984 -0.165905 
0.0889905 -0.115259 
-0.0724894 -0.191265 
-0.530709 0.162359 
-0.398839 -0.071324 
-0.214727 0.0729697 
-0.158546 0.277825 
0.0659437 -0.0436517 
-0.0305681 0.0180139 
0.167025 -0.138714 
-0.304615 0.248595 
-0.0281515 0.080042 
-0.104497 0.211414 
0.114399 0.387527 
0.0292397 0.117451 
0.282017 0.129257 
0.0706695 -0.00358498 
-0.436866 0.252528 
-0.353534 -0.0256308 
-0.219404 0.20142 
-0.13614 0.350107 
-0.0144097 0.16653 
-0.158714 0.153112 
-0.00955962 0.048453 
-0.255538 0.310618 
-0.041315 0.232217 
-0.0713186 0.305289 
0.119496 0.498765 
0.0297587 0.139908 
0.0952102 0.150209 
-0.0750368 0.0504952 
-0.075669 0.463321 
0.104257 0.19257 
0.200549 0.416244 
0.0740797 0.510068 
0.225711 0.21968 
-0.0760681 0.145916 
0.0399574 0.0964043 
-0.108639 0.323044 
0.0871533 0.275806 
0.0661838 0.245562 
0.149692 0.498106 
0.0744694 0.0987459 
0.0224892 0.17078 
-0.267619 -0.136277 
-0.182683 0.551937 
-0.160565 0.0276877 
0.0220564 0.39278 
-0.0665464 0.311747 
-0.0243923 0.231944 
-0.346976 -0.0588883 
-0.298744 -0.172527 
-0.481217 0.234877 
-0.300729 0.215909 
-0.401055 0.125496 
-0.358636 0.309427 
-0.436456 -0.195713 
-0.44872 -0.0748203 
-0.820833 -0.451781 
-0.29367 -0.304494 
-0.163273 -0.400815 
-0.095705 -0.0619281 
0.0333493 0.269223 
0.09771 0.196271 
0.206895 0.447722 
0.0768176 0.38541 
-0.114205 -0.409053 
-0.0710335 -0.4458 
0.146699 -0.213383 
0.175471 0.129132 
0.190951 0.22102 
0.110415 0.447293 
0.0982613 0.558068 
0.124566 -0.646895 
0.119061 -0.662023 
0.248638 -0.265993 
0.323476 0.140033 
0.271013 0.225345 
0.247559 0.496664 
0.137329 0.518084 
-0.0448891 -0.730172 
0.139717 -0.802947 
0.0867446 -0.368742 
0.0959198 0.0479585 
0.116953 0.14873 
-0.0907266 0.373689 
-0.20662 0.656431 
0.225214 -0.944615 
0.229331 -0.734107 
0.296641 -0.4958 
0.357094 -0.0295497 
0.192109 0.104958 
0.0229017 0.548224 
-0.227449 0.602098 
0.336984 -0.768401 
0.44173 -0.796269 
0.444882 -0.288308 
0.371554 0.0723774 
0.35402 0.2058 
0.0298366 0.378173 
-0.199985 0.744174 
0.47124 -0.935224 
0.429195 -0.584778 
0.452283 -0.530765 
0.32777 0.125073 
0.300152 0.101862 
0.053065 0.501783 
-0.366729 0.549543 
0.39731 -0.829375 
0.375397 -0.812411 
0.322005 -0.321324 
0.199536 -0.0596312 
0.0500756 0.11605 
-0.203104 0.232329 
-0.472729 0.633615 
0.415285 -1.07973 
0.227673 -0.714815 
0.164385 -0.619062 
-0.0184004 0.116721 
-0.0758038 -0.0176848 
-0.336815 0.387805 
-0.837912 0.365891 
0.187279 0.110231 
0.473792 -0.477505 
0.5883 -0.321326 
0.850433 -0.510381 
0.938562 -0.96512 
1.24339 -1.26814 
0.915514 -1.26385 
0.185784 -0.0580956 
0.296385 -0.312178 
0.562646 -0.443693 
0.558068 -0.379343 
0.86968 -0.922766 
0.646556 -1.02242 
1.05878 -1.33071 
0.127827 -0.0249006 
0.319784 -0.449599 
0.397594 -0.256758 
0.595342 -0.240651 
0.623363 -0.720649 
0.757086 -0.954984 
0.711622 -1.05516 
-0.161685 -0.232248 
0.0607858 -0.418962 
0.103521 -0.392714 
0.143069 -0.23431 
0.210543 -0.752168 
0.151359 -0.878758 
0.244151 -0.943832 
0.0242323 -0.21554 
0.159217 -0.360594 
0.161319 -0.270983 
0.236845 -0.229482 
0.256752 -0.597478 
0.291619 -0.637935 
0.0417451 -0.902722 
0.223163 -0.014622 
0.326734 -0.202464 
0.348591 -0.0626454 
0.328451 -0.0443123 
0.34021 -0.316712 
0.123002 -0.514071 
0.10874 -0.649294 
0.412222 -0.0442495 
0.424281 -0.0877737 
0.414096 -0.171424 
0.392924 0.0864172 
0.273336 -0.294781 
0.290378 -0.274926 
-0.16411 -0.652394 
0.479733 -0.052193 
0.433012 -0.152227 
0.396693 0.0823612 
0.286514 0.0898327 
0.235576 -0.145837 
0.00279598 -0.345388 
-0.120682 -0.450014 
0.501079 -0.2004 
0.46853 -0.0647429 
0.254189 -0.051127 
0.247844 0.187053 
0.0730769 -0.248392 
-0.122837 -0.243098 
-0.531308 -0.564192 
