-0.333203 0.408527 
-0.151684 -0.330032 
-0.1138 -0.00854479 
0.0821218 -0.0862441 
-0.104614 -0.360705 
-0.0760684 -0.218492 
-0.297214 -0.0574426 
-0.218099 0.246351 
-0.03867 -0.272192 
0.04402 -0.259951 
0.0957842 0.0617217 
0.0769601 -0.329516 
-0.00524482 -0.0550074 
-0.034606 -0.134557 
-0.0557852 0.329555 
0.175816 -0.275488 
0.0636557 -0.140222 
0.249004 0.031588 
0.125965 -0.0403371 
0.163205 0.000963871 
-0.0535956 0.080776 
-0.348039 0.250673 
-0.262203 -0.192368 
-0.15697 -0.139075 
-0.0798434 0.143618 
-0.0874527 -0.0784052 
-0.168599 0.109731 
-0.0637474 0.106689 
-0.2491 0.251584 
-0.0139242 -0.135819 
0.0286631 0.197394 
0.272884 0.339205 
0.128785 -0.0223225 
0.202849 0.0942861 
-0.0768803 0.0830174 
-0.01061 0.157661 
0.24319 -0.216298 
0.421443 0.0537311 
0.322695 0.348795 
0.502396 0.00136613 
0.174659 0.0842142 
0.186009 0.245953 
0.0298395 0.128359 
0.284085 -0.203798 
0.317841 -0.062889 
0.500038 0.315101 
0.240781 0.00391773 
0.317626 0.121898 
-0.0477618 0.167646 
-0.115122 0.260363 
0.048918 -0.319384 
0.237605 0.0664976 
0.13545 0.0480307 
0.196516 0.0357417 
-0.0703525 0.00839356 
-0.163042 0.136708 
-0.595721 -0.00834452 
-0.262158 -0.323602 
-0.236838 -0.315014 
-0.127457 -0.0621449 
-0.296802 -0.281744 
-0.262878 -0.030704 
-0.694544 0.024167 
-0.735058 0.895902 
-0.532045 0.361585 
-0.412346 0.716418 
-0.19963 0.766162 
-0.244698 0.622358 
-0.0635817 0.886528 
-0.208109 1.03307 
-0.562952 0.71362 
-0.3155 0.332379 
-0.165071 0.519382 
-0.0901541 0.878666 
0.0416302 0.655009 
0.0322505 0.968324 
0.052838 0.946405 
-0.285386 0.723827 
0.031159 0.387536 
0.00331162 0.632137 
0.250914 0.895892 
0.205927 0.890124 
0.356248 1.03834 
0.176193 1.0547 
-0.515906 0.788363 
-0.224303 0.359276 
-0.10548 0.63003 
0.0136028 0.909088 
0.134159 0.822627 
0.00949011 1.09688 
0.133931 1.18863 
-0.231076 0.709733 
0.0672428 0.456061 
0.0923119 0.794433 
0.390754 1.05735 
0.344818 0.862558 
0.422612 1.07712 
0.199961 1.22326 
0.00417304 0.715884 
0.361734 0.422832 
0.47886 0.735985 
0.517742 1.08071 
0.727723 0.964769 
0.468587 1.05804 
0.513337 1.28086 
0.0582422 0.634915 
0.413256 0.495442 
0.464799 0.634143 
0.711438 1.10992 
0.626669 0.878187 
0.649034 1.13598 
0.33441 1.19038 
0.00665365 0.875438 
0.185411 0.320855 
0.454394 0.803095 
0.439823 0.86254 
0.51532 0.957808 
0.363344 0.928681 
0.35673 1.23746 
-0.294733 0.597144 
0.0349546 0.488806 
0.0421265 0.508745 
0.169774 0.894549 
0.208674 0.699071 
0.174604 1.03125 
-0.148465 1.00005 
-0.66527 1.23257 
-0.49336 1.04355 
-0.621198 1.40411 
-0.357567 1.61127 
-0.521783 1.43109 
-0.272269 1.70255 
-0.632991 1.89221 
-0.297037 1.23061 
-0.334197 1.11707 
-0.196207 1.49651 
-0.302441 1.7357 
-0.177809 1.59278 
-0.361769 1.85329 
-0.242494 1.93743 
-0.108763 1.4383 
0.0540912 1.34468 
-0.071534 1.62145 
0.126612 1.87715 
-0.147128 1.78642 
0.0415174 2.02139 
-0.279402 2.12062 
-0.0772369 1.54192 
-0.123628 1.45248 
-0.0394663 1.67926 
-0.0848418 1.95398 
-0.0660532 1.84054 
-0.284733 2.11379 
-0.199158 2.1415 
0.131782 1.62502 
0.287586 1.59494 
0.074808 1.92916 
0.265973 2.19163 
0.150515 1.93173 
0.175192 2.10127 
-0.190623 2.25418 
0.541182 1.67722 
0.489243 1.52617 
0.587909 1.92696 
0.374732 2.20232 
0.527269 2.08019 
0.0646833 2.0909 
0.123494 2.33846 
0.580686 1.68426 
0.752922 1.62619 
0.531464 1.83923 
0.692158 2.28419 
0.395722 2.04173 
0.369058 2.29849 
0.00618481 2.20234 
0.715437 1.88682 
0.596137 1.47798 
0.703398 1.96422 
0.502267 2.06494 
0.451693 2.11036 
0.0928989 2.07856 
0.145495 2.27775 
0.500944 1.61345 
0.512486 1.6002 
0.40961 1.68776 
0.440136 2.02816 
0.267008 1.83987 
0.1906 2.1126 
-0.222444 2.14473 
-1.91887 2.39944 
-1.65727 2.37463 
-1.68699 2.88535 
-1.4842 3.14258 
-1.55702 3.24389 
-1.19944 3.66197 
-1.30753 3.8298 
-1.50618 2.42229 
-1.56254 2.36781 
-1.28364 2.83001 
-1.29614 3.27961 
-1.0898 3.3091 
-1.22359 3.6654 
-0.970268 3.88038 
-1.43697 2.55162 
-1.08217 2.54025 
-1.18725 2.91647 
-0.940323 3.34375 
-1.22 3.53135 
-0.787658 3.81495 
-0.977935 4.00544 
-1.22204 2.57181 
-1.2334 2.67939 
-1.05 2.97095 
-1.11791 3.39866 
-0.947374 3.45249 
-1.07581 3.82403 
-0.902327 3.96203 
-0.996418 2.66894 
-0.776066 2.80167 
-0.92929 3.23355 
-0.744597 3.62411 
-0.782691 3.52528 
-0.503187 3.73086 
-0.825083 3.96797 
-0.391649 2.74428 
-0.442365 2.81367 
-0.268936 3.26531 
-0.563069 3.56545 
-0.156611 3.58374 
-0.496988 3.7266 
-0.299912 4.03293 
-0.270967 2.7639 
-0.0584225 2.77506 
-0.145667 3.20544 
0.00361286 3.63314 
-0.205323 3.55384 
-0.05037 3.92258 
-0.340748 3.98572 
0.229833 2.9773 
0.0946065 2.69778 
0.137482 3.28503 
-0.0213535 3.49696 
0.126982 3.6858 
-0.145239 3.73381 
0.00902216 4.05681 
0.108045 2.63425 
0.321899 2.82575 
0.0720094 2.97532 
0.226272 3.37195 
0.0521815 3.40506 
0.196293 3.74533 
-0.166131 3.89869 
-0.591706 3.13862 
-0.431415 2.7987 
-0.343658 2.89694 
-0.205673 2.9971 
-0.145237 2.71033 
-0.0544492 2.77339 
-0.218997 2.55696 
-0.337949 3.09528 
-0.26205 2.81583 
-0.0193492 2.80881 
0.0252749 2.92182 
0.0460797 2.80156 
-0.0411036 2.84121 
-0.0733262 2.79964 
-0.0354318 2.91932 
-0.00587123 2.66438 
0.152905 2.82431 
0.249913 3.00453 
0.211364 2.88169 
0.192293 2.97054 
0.0756175 2.84378 
-0.146485 2.89949 
0.0752235 2.59173 
0.0553162 2.79521 
0.0925417 2.99196 
0.135562 2.89078 
-0.0572984 2.93968 
-0.166692 3.08071 
0.18157 2.75094 
0.224704 2.73313 
0.328746 2.74803 
0.422846 3.0022 
0.287547 2.94305 
0.143117 3.2188 
-0.0883726 3.13956 
0.355351 2.9963 
0.501061 2.74851 
0.544561 3.04221 
0.510332 3.20058 
0.529928 3.15056 
0.240109 3.16593 
0.0410123 3.40939 
0.559732 2.90259 
0.560767 3.04314 
0.627896 2.89372 
0.547901 3.35873 
0.564709 3.16407 
0.361292 3.41928 
-0.0163347 3.35685 
0.567603 3.08618 
0.591163 2.90475 
0.585681 3.20476 
0.513215 3.28868 
0.41541 3.3065 
0.215002 3.29194 
-0.00137381 3.59697 
0.682098 2.91871 
0.542709 3.09808 
0.531455 3.01648 
0.40429 3.58894 
0.405772 3.31164 
0.206484 3.60156 
-0.230591 3.49869 
