-0.589536 1.05328 
-0.268243 0.106332 
-0.103711 0.182536 
0.206036 -0.170286 
0.120834 -0.743089 
0.239311 -0.9164 
0.0972932 -1.08268 
-0.473578 0.917477 
-0.174731 0.190792 
0.0161535 -0.0430933 
0.165163 0.00181043 
0.233103 -0.689969 
0.227782 -0.733526 
0.266119 -1.14312 
-0.305358 1.02657 
0.0237037 0.21387 
-7.23595e-05 0.102514 
0.264809 -0.00366814 
0.212836 -0.377864 
0.313168 -0.656679 
0.152048 -0.909132 
-0.586436 0.973 
-0.42652 0.323009 
-0.253927 0.129543 
-0.115994 0.133468 
-0.0690711 -0.392054 
-0.101594 -0.525558 
0.0463852 -0.862561 
-0.470954 0.998553 
-0.186277 0.405119 
-0.0983783 0.491796 
0.187056 0.35453 
0.0802373 -0.3112 
0.187866 -0.517203 
-0.0617645 -0.863576 
-0.210599 0.928521 
0.0672046 0.349643 
0.267922 0.37372 
0.19011 0.389868 
0.389259 -0.261923 
0.0795406 -0.502087 
0.107555 -0.676021 
-0.143144 0.922286 
0.109001 0.386494 
0.141832 0.282386 
0.324209 0.382099 
0.066144 -0.233058 
0.145093 -0.437908 
-0.217387 -0.727817 
-0.256287 1.07647 
-0.120712 0.294521 
0.0434008 0.436662 
-0.0795892 0.141024 
-0.0358355 -0.174304 
-0.316755 -0.523716 
-0.420522 -0.730454 
-0.700707 0.829001 
-0.421878 0.313106 
-0.444751 0.0795497 
-0.37724 0.0568075 
-0.582467 -0.464361 
-0.578851 -0.534044 
-1.03571 -0.813039 
-0.967857 0.558503 
-0.659654 -0.100822 
-0.440902 0.0938373 
-0.135577 -0.0468209 
-0.0946213 -0.406379 
0.165926 -0.378639 
0.0943493 -0.484825 
-0.771104 0.36941 
-0.437598 -0.136301 
-0.205767 -0.10942 
-0.0543954 0.0591315 
0.148736 -0.380894 
0.205551 -0.304818 
0.287231 -0.580398 
-0.465668 0.373436 
-0.0830022 -0.0868214 
-0.0478046 -0.00220106 
0.259483 0.0706778 
0.270639 -0.151813 
0.473471 -0.241339 
0.34228 -0.479232 
-0.665298 0.432481 
-0.328114 -0.120115 
-0.165144 -0.00911513 
-0.00362114 0.0791122 
0.157462 -0.224165 
0.0712675 -0.187843 
0.232046 -0.350594 
-0.346832 0.3491 
-0.0238674 -0.0276796 
0.026093 0.151247 
0.349407 0.223567 
0.328097 -0.187871 
0.430077 -0.211107 
0.231019 -0.319377 
-0.0755372 0.351277 
0.285565 -0.0645445 
0.408159 0.0895482 
0.454188 0.244092 
0.672741 -0.0880551 
0.423362 -0.232143 
0.478828 -0.263281 
0.0165979 0.267135 
0.354108 0.00516632 
0.391732 -0.0147368 
0.6278 0.271462 
0.535539 -0.175785 
0.553203 -0.154593 
0.236374 -0.353364 
0.00466779 0.505296 
0.145166 -0.171577 
0.381071 0.152587 
0.33839 0.0232203 
0.390459 -0.0960716 
0.219409 -0.360733 
0.197717 -0.303999 
-0.255918 0.225442 
0.0152598 -0.00503861 
-0.0293824 -0.142583 
0.0529538 0.0553496 
0.0527541 -0.3535 
-0.0145663 -0.255502 
-0.365448 -0.537306 
-0.609663 -0.174903 
-0.363998 -0.578695 
-0.423183 -0.444691 
-0.0958443 -0.47257 
-0.201095 -0.893412 
0.10288 -0.865783 
-0.207633 -0.921041 
-0.253096 -0.194488 
-0.228616 -0.523847 
-0.0327542 -0.371936 
-0.0848258 -0.368707 
0.0903597 -0.753129 
-0.0465196 -0.737181 
0.116524 -0.898589 
-0.0765715 -0.00318192 
0.135543 -0.313491 
0.0567961 -0.265069 
0.299387 -0.246048 
0.0676536 -0.578913 
0.295898 -0.589044 
0.0122292 -0.735809 
-0.0567742 0.0853876 
-0.0664564 -0.221473 
0.0534457 -0.223663 
0.0426811 -0.186142 
0.0948355 -0.542149 
-0.0918001 -0.51434 
0.0244518 -0.732875 
0.140643 0.154806 
0.320524 -0.0932517 
0.13228 0.0115601 
0.348162 0.0365105 
0.257379 -0.466175 
0.306501 -0.542213 
-0.0352444 -0.635626 
0.538673 0.194749 
0.498195 -0.174685 
0.610192 -0.00353443 
0.411836 0.0341825 
0.58035 -0.330747 
0.134601 -0.565557 
0.210857 -0.564193 
0.567136 0.190966 
0.738324 -0.0857037 
0.519076 -0.102358 
0.684753 0.105047 
0.39563 -0.380024 
0.378213 -0.368525 
0.0261703 -0.710555 
0.691265 0.384167 
0.55861 -0.24333 
0.657111 0.013352 
0.451235 -0.123186 
0.39939 -0.319986 
0.0423061 -0.596589 
0.0991465 -0.6428 
0.46665 0.102895 
0.452815 -0.128904 
0.330431 -0.270568 
0.346651 -0.166942 
0.163789 -0.59686 
0.0816348 -0.568288 
-0.3337 -0.780881 
-1.86336 0.0787493 
-1.54169 -0.173112 
-1.51688 0.11375 
-1.26453 0.15132 
-1.29226 0.037896 
-0.893612 0.246742 
-0.964245 0.21119 
-1.44214 0.120381 
-1.44547 -0.165251 
-1.11821 0.0693888 
-1.08655 0.295977 
-0.839848 0.107739 
-0.936696 0.252124 
-0.64952 0.261343 
-1.36701 0.269784 
-0.966342 0.0231564 
-1.0293 0.168099 
-0.743653 0.369036 
-0.987696 0.335946 
-0.522511 0.404969 
-0.682487 0.387347 
-1.14893 0.311331 
-1.12166 0.17955 
-0.902414 0.236142 
-0.937029 0.434218 
-0.735552 0.264404 
-0.835199 0.418764 
-0.634916 0.346321 
-0.923077 0.431074 
-0.671352 0.32037 
-0.794983 0.513632 
-0.582389 0.671298 
-0.59418 0.345935 
-0.289878 0.331761 
-0.58839 0.356148 
-0.321091 0.530249 
-0.347653 0.352173 
-0.150833 0.561612 
-0.422386 0.62567 
0.00581539 0.414579 
-0.313665 0.335168 
-0.0965338 0.426561 
-0.206273 0.57489 
0.0232946 0.334636 
-0.0466652 0.519304 
0.119973 0.707794 
-0.0716759 0.396357 
0.100378 0.540376 
-0.17317 0.386393 
0.285557 0.814457 
0.16036 0.279669 
0.214546 0.61778 
0.0679779 0.58748 
0.229267 0.541495 
-0.0295304 0.362408 
0.138447 0.466173 
0.151709 0.498642 
0.368782 0.431149 
0.124399 0.328295 
0.28599 0.479767 
0.120662 0.275466 
0.274649 0.386335 
-0.0770503 0.318427 
-0.49591 0.166231 
-0.321763 -0.054951 
-0.216537 0.146241 
-0.0573081 0.331703 
0.0282701 0.110754 
0.148184 0.218403 
0.0167831 0.0237505 
-0.220397 0.0770669 
-0.139962 -0.0879142 
0.11025 0.00377442 
0.165532 0.197899 
0.200285 0.139392 
0.130454 0.219728 
0.119064 0.196233 
0.101496 -0.142701 
0.126422 -0.287422 
0.282924 -0.0329809 
0.380196 0.224272 
0.34461 0.15924 
0.331344 0.285044 
0.223431 0.1729 
0.0074392 -0.204306 
0.215542 -0.406064 
0.183797 -0.112192 
0.21114 0.1576 
0.246412 0.110442 
0.0481048 0.192765 
-0.0642829 0.345178 
0.350139 -0.39262 
0.370937 -0.308578 
0.453848 -0.207316 
0.52822 0.116039 
0.374788 0.107282 
0.214015 0.413121 
-0.0318445 0.342287 
0.536261 -0.185029 
0.651185 -0.33503 
0.664575 0.0411027 
0.601115 0.264932 
0.592572 0.261863 
0.275922 0.304194 
0.0515172 0.553325 
0.75075 -0.314521 
0.712862 -0.0801655 
0.741249 -0.150964 
0.622908 0.375941 
0.60199 0.224958 
0.361706 0.504219 
-0.0516839 0.444977 
0.766584 -0.164783 
0.743424 -0.256279 
0.690948 0.118675 
0.571435 0.261078 
0.426772 0.319481 
0.17995 0.326288 
-0.0821226 0.632261 
0.886997 -0.364193 
0.693455 -0.0986523 
0.627359 -0.108847 
0.44489 0.518842 
0.390861 0.279236 
0.136128 0.588042 
-0.356029 0.484113 
