-0.589617 1.05314 
-0.268321 0.10621 
-0.103787 0.182427 
0.205963 -0.170384 
0.120763 -0.743176 
0.239242 -0.916479 
0.0972273 -1.08276 
-0.473636 0.917326 
-0.174789 0.190653 
0.0160979 -0.0432215 
0.165109 0.00169233 
0.23305 -0.690078 
0.227731 -0.733626 
0.266069 -1.14321 
-0.305397 1.0264 
0.023665 0.213712 
-0.000110427 0.102366 
0.264772 -0.00380687 
0.2128 -0.377995 
0.313132 -0.656802 
0.152013 -0.909249 
-0.586459 0.972816 
-0.426544 0.322834 
-0.253951 0.129375 
-0.116018 0.133308 
-0.0690949 -0.392207 
-0.101618 -0.525704 
0.0463614 -0.862702 
-0.470966 0.998352 
-0.18629 0.404926 
-0.0983914 0.491609 
0.187043 0.354349 
0.0802231 -0.311374 
0.187851 -0.517372 
-0.0617797 -0.86374 
-0.210603 0.928305 
0.0671994 0.349432 
0.267915 0.373514 
0.190103 0.389667 
0.389251 -0.262119 
0.0795318 -0.502279 
0.107546 -0.676209 
-0.143145 0.922054 
0.108999 0.386265 
0.141829 0.282161 
0.324204 0.381878 
0.0661388 -0.233276 
0.145086 -0.438123 
-0.217394 -0.728029 
-0.256289 1.07622 
-0.120715 0.294275 
0.0433965 0.436418 
-0.0795943 0.140782 
-0.0358416 -0.174544 
-0.316762 -0.523954 
-0.420529 -0.73069 
-0.700715 0.828738 
-0.421887 0.312843 
-0.44476 0.0792868 
-0.377249 0.0565451 
-0.582478 -0.464622 
-0.578862 -0.534304 
-1.03572 -0.813297 
-0.96799 0.558355 
-0.659784 -0.100959 
-0.441029 0.0937113 
-0.1357 -0.0469367 
-0.0947416 -0.406485 
0.165809 -0.378737 
0.0942355 -0.484914 
-0.771221 0.369249 
-0.437713 -0.136453 
-0.20588 -0.109563 
-0.0545051 0.0589983 
0.148629 -0.381018 
0.205447 -0.304935 
0.28713 -0.580507 
-0.465773 0.373261 
-0.0831053 -0.0869881 
-0.0479054 -0.00235963 
0.259384 0.070527 
0.270543 -0.151956 
0.473378 -0.241475 
0.342189 -0.479362 
-0.665394 0.432293 
-0.328208 -0.120297 
-0.165236 -0.00929 
-0.00371102 0.0789439 
0.157374 -0.224327 
0.0711818 -0.187998 
0.231962 -0.350743 
-0.346922 0.348898 
-0.0239555 -0.0278761 
0.0260069 0.151056 
0.349323 0.223382 
0.328015 -0.188051 
0.429997 -0.211283 
0.230941 -0.319547 
-0.0756244 0.351062 
0.285479 -0.0647558 
0.408076 0.0893409 
0.454107 0.243889 
0.672661 -0.0882542 
0.423285 -0.232338 
0.478752 -0.263471 
0.01651 0.266907 
0.354022 0.00494042 
0.391648 -0.0149601 
0.627719 0.271242 
0.53546 -0.176003 
0.553126 -0.154807 
0.236299 -0.353575 
0.00457607 0.505054 
0.145077 -0.171817 
0.380985 0.152348 
0.338305 0.0229827 
0.390377 -0.0963072 
0.219329 -0.360967 
0.19764 -0.30423 
-0.256017 0.225189 
0.0151639 -0.00529326 
-0.0294755 -0.142838 
0.0528636 0.0550951 
0.0526665 -0.353753 
-0.0146512 -0.255754 
-0.36553 -0.537557 
-0.609831 -0.175026 
-0.364167 -0.578808 
-0.423352 -0.444796 
-0.0960139 -0.472668 
-0.201265 -0.893502 
0.10271 -0.865868 
-0.207804 -0.921119 
-0.253253 -0.194625 
-0.228774 -0.523976 
-0.0329126 -0.372058 
-0.0849851 -0.368821 
0.0901997 -0.753237 
-0.0466801 -0.737283 
0.116363 -0.898686 
-0.0767183 -0.00333442 
0.135395 -0.313636 
0.0566465 -0.265208 
0.299236 -0.24618 
0.0675018 -0.579039 
0.295745 -0.589164 
0.0120758 -0.735923 
-0.0569141 0.0852197 
-0.0665979 -0.221634 
0.0533027 -0.223818 
0.0425368 -0.186291 
0.09469 -0.542293 
-0.0919466 -0.514478 
0.0243044 -0.733009 
0.140508 0.154623 
0.320387 -0.0934295 
0.132141 0.0113878 
0.348022 0.0363434 
0.257238 -0.466337 
0.306359 -0.54237 
-0.0353876 -0.635778 
0.53854 0.19455 
0.49806 -0.174879 
0.610056 -0.00372368 
0.411699 0.033998 
0.580211 -0.330927 
0.134461 -0.565732 
0.210716 -0.564363 
0.567003 0.190752 
0.73819 -0.0859139 
0.51894 -0.102565 
0.684616 0.104845 
0.395492 -0.380222 
0.378074 -0.368719 
0.0260306 -0.710744 
0.691129 0.383938 
0.558473 -0.243556 
0.656974 0.0131291 
0.451096 -0.123405 
0.399251 -0.320202 
0.0421662 -0.596801 
0.0990059 -0.643007 
0.466509 0.10265 
0.452674 -0.129147 
0.33029 -0.270807 
0.346509 -0.167178 
0.163647 -0.597093 
0.0814921 -0.568518 
-0.333843 -0.781107 
-1.86361 0.0786317 
-1.54194 -0.173223 
-1.51714 0.113644 
-1.26479 0.151219 
-1.29253 0.0377995 
-0.893889 0.246649 
-0.964526 0.211102 
-1.44237 0.120252 
-1.44571 -0.165374 
-1.11846 0.0692706 
-1.08681 0.295863 
-0.840109 0.10763 
-0.936962 0.252019 
-0.649791 0.261241 
-1.36723 0.269643 
-0.966572 0.0230208 
-1.02954 0.167968 
-0.743897 0.36891 
-0.987947 0.335825 
-0.522767 0.404851 
-0.682749 0.387232 
-1.14914 0.311177 
-1.12188 0.179402 
-0.902641 0.235998 
-0.937264 0.434079 
-0.735794 0.264269 
-0.835447 0.418633 
-0.63517 0.346194 
-0.923279 0.430908 
-0.671562 0.320209 
-0.795202 0.513475 
-0.582615 0.671146 
-0.594414 0.345787 
-0.290118 0.331616 
-0.588637 0.356007 
-0.321285 0.530069 
-0.347856 0.351998 
-0.151044 0.561441 
-0.422606 0.625504 
0.00558855 0.414416 
-0.313899 0.335009 
-0.096774 0.426406 
-0.206461 0.574698 
0.0230969 0.334448 
-0.0468714 0.51912 
0.119759 0.707613 
-0.0718974 0.396181 
0.10015 0.540203 
-0.173405 0.386224 
0.285372 0.81425 
0.160166 0.279467 
0.214344 0.617581 
0.0677679 0.587285 
0.22905 0.541304 
-0.0297549 0.362221 
0.138216 0.46599 
0.151527 0.498421 
0.368591 0.430931 
0.1242 0.328082 
0.285783 0.479558 
0.120448 0.27526 
0.274427 0.386133 
-0.0772786 0.318228 
-0.496185 0.166078 
-0.322021 -0.0551 
-0.216778 0.146097 
-0.0575321 0.331564 
0.0280639 0.110621 
0.147996 0.218275 
0.0166141 0.0236295 
-0.220668 0.0769039 
-0.140217 -0.088074 
0.110012 0.0036183 
0.165312 0.197746 
0.200083 0.139244 
0.13027 0.219585 
0.118899 0.196096 
0.101226 -0.142874 
0.126169 -0.287593 
0.282688 -0.0331489 
0.379978 0.224107 
0.34441 0.159079 
0.331163 0.284886 
0.223268 0.172746 
0.00716989 -0.204489 
0.21529 -0.406246 
0.183562 -0.112372 
0.210922 0.157422 
0.246213 0.110267 
0.0479242 0.192593 
-0.0644442 0.345008 
0.349868 -0.392814 
0.370683 -0.308771 
0.453612 -0.207508 
0.528001 0.115848 
0.374588 0.107092 
0.213833 0.412933 
-0.0320067 0.342101 
0.535988 -0.185232 
0.650929 -0.335233 
0.664336 0.0408987 
0.600894 0.264728 
0.59237 0.261659 
0.275738 0.303991 
0.0513526 0.553123 
0.750474 -0.314734 
0.712603 -0.0803806 
0.741007 -0.15118 
0.622683 0.375724 
0.601784 0.224741 
0.361519 0.504001 
-0.0518523 0.444759 
0.766304 -0.165007 
0.74316 -0.256506 
0.690701 0.118447 
0.571206 0.260848 
0.426561 0.31925 
0.179757 0.326055 
-0.0822961 0.632028 
0.886711 -0.364427 
0.693186 -0.0988897 
0.627106 -0.109087 
0.444655 0.5186 
0.390643 0.278991 
0.135929 0.587795 
-0.356209 0.483864 

